0001110000000000000000000000000000000000000000000000000000011000
0001110000000000000000000000000000000000000000000000000000011000
0001110000000000000000000000000000000000000000000000000000011000
0001110000000000000000000000000000000000000000000000000000011000
0001110000000000000000000000000000000000000000000000000000011100
0001110000000000000000000000000000000000000000000000000000011100
0001110000000000000000000000000000000000000000000000000000111100
0001110000000000000000000000000000000000000000000000000000111100
0001110000000000000000000000000000000000000000000000000000111100
0001110000000000000000000000000000000000000000000000000000111100
0001110000000000000000000000000000000000000000000000000000111100
0001110000000000000000000000000000000000000000000000000000111100
0001110000000000000000000000000000000000000000000000000000111100
0001110000000000000000000000000000000000000000000000000000111100
0001110000000000000000000000000000000000000000000000000000111100
0001110000000000000000000000000000000000000000000000000000111100
0001110000000000000000000000000000000000000000000000000000111100
0001110000000000000000000000000000000000000000000000000000111100
0001111000000000000000000000000000000000000000000000000000111100
0001111000000000000000000000000000000000000000000000000000111100
0001111000000000000000000000000000000000000000000000000000111100
0001111000000000000000000000000000000000000000000000000001111100
0001111000000000000000000000000000000000000000000000000001111100
0001111000000000000000000000000000000000000000000000000001111100
0001111000000000000000000000000000000000000000000000000001111100
0001111100000000000000000000000000000000000000000000000001111100
0001111100000000000000000000000000000000000000000000000001111100
0001111100000000000000000000000000000000000000000000000011111100
0011111100000000000000000000000000000000000000000000000011111100
0011111100000000000000000000000000000000000000000000000011111100
0011111110000000000000000000000000000000000000000000000011111100
0011111110000000000000000000000000000000000000000000000111111100
0011111110000000000000000000000000000000000000000000000111111100
0011111110000000000000000000000000000000000000000000000111111110
0111111111000000000000000000000000000000000000000000001111111110
0111111111110000000000000000000000000000000000000000001111111110
0111111111111100000000000000000000000000000000000000111111111110
0111111111111110000000000000000000000000000000000011111111111111
1111111111111111100000000000000000000000000000001111111111111111
1111111111111111111000000000000000000000000000111111111111111111
1111111111111111111110000000000000000000000011111111111111111111
1111111111111111111111100000000000000000001111111111111111111111
1111111111111111111111111000000000000000111111111111111111111111
1111111111111111111111111100000000000011111111111111111111111111
0111111111111111111111111111000000001111111111111111111111111111
0111111111111111111111111111110000111111111111111111111111111111
0111111111111111111111111111111111111111111111111111111111111111
0111111111111111111111111111111111111111111111111111111111111110
0111111111111111111111111111111111111111111111111111111111111110
0111111111111111111111111111111111111111111111111111111111111110
0011111111111111111111111111111111111111111111111111111111111110
0011111111111111111111111111111111111111111111111111111111111100
0011111111111111111111111111111111111111111111111111111111111100
0001111111111111111111111100000000000111111111111111111111111100
0001111111111111111111111000000000000001111111111111111111111100
0001111111111111111111110000000000000000111111111111111111111000
0001111111111111111111100000000000000000011111111111111111111000
0001111111111111111110000000000000000000000111111111111111111000
0000000011111111111000000000000000000000000001111111111111111000
0000000000111111000000000000000000000000000000011111111000000000
